0	8	26	66	27	3	48	
8	0	32	22	15	21	44	
26	32	0	52	59	29	56	
66	22	52	0	7	69	14	
27	15	59	7	0	34	23	
3	21	29	69	34	0	91	
48	44	56	14	23	91	0	
