0	18	26	74	17	3	48	
18	0	34	22	9	5	32	
26	34	0	30	45	29	74	
74	22	30	0	9	61	12	
17	9	45	9	0	56	27	
3	5	29	61	56	0	73	
48	32	74	12	27	73	0	
