0	8	32	30	17	3	44	
8	0	34	72	15	15	170	
32	34	0	58	51	57	60	
30	72	58	0	7	57	16	
17	15	51	7	0	40	11	
3	15	57	57	40	0	31	
44	170	60	16	11	31	0	
